Relation id, count
421, 6715
1164, 6590
1122, 6497
565, 6290
721, 5760
508, 5437
1142, 5315
624, 4425
1226, 4245
86, 4214
93, 3723
143, 3489
751, 3401
136, 3223
665, 3019
1096, 2970
1111, 2968
516, 2881
35, 2866
844, 2865
65, 2730
1147, 2668
589, 2548
875, 2544
53, 2375
246, 2374
853, 2369
1296, 2198
1138, 2139
1088, 2077
52, 2055
887, 2013
1053, 1927
910, 1920
814, 1667
745, 1652
684, 1632
381, 1548
192, 1536
387, 1483
1058, 1436
648, 1396
805, 1391
242, 1372
326, 1338
180, 1324
104, 1315
296, 1292
316, 1258
1340, 1212
368, 1176
495, 1150
1263, 1147
1180, 1131
1014, 1129
425, 1128
472, 1128
384, 1122
204, 1115
1079, 1104
42, 1103
520, 1103
856, 1090
74, 1066
892, 1062
277, 1059
429, 1059
1008, 1034
1201, 1031
1207, 1030
583, 954
935, 943
58, 922
78, 875
233, 868
1168, 863
254, 860
530, 858
269, 839
748, 831
261, 829
712, 826
597, 807
595, 795
548, 793
845, 777
76, 775
319, 767
1128, 759
354, 745
330, 743
5, 737
600, 733
1123, 729
1044, 707
190, 705
579, 688
241, 671
514, 656
160, 649
832, 643
488, 641
976, 639
1278, 627
298, 625
200, 621
1218, 614
577, 601
973, 587
193, 577
898, 574
62, 566
1275, 565
336, 558
872, 552
1334, 538
1004, 533
1259, 528
1339, 522
248, 515
838, 512
85, 508
635, 507
1273, 501
461, 499
329, 498
619, 494
826, 483
3, 481
948, 481
1257, 470
1144, 468
475, 466
355, 449
349, 448
588, 448
923, 442
902, 441
727, 440
333, 438
1052, 428
37, 417
788, 397
622, 395
1001, 390
890, 389
376, 378
470, 378
459, 374
991, 371
968, 366
1291, 366
59, 365
536, 365
725, 361
12, 358
699, 358
280, 357
394, 357
793, 356
1158, 356
971, 348
734, 340
54, 336
803, 334
144, 327
8, 323
511, 323
877, 319
858, 317
416, 312
30, 309
880, 309
188, 308
382, 305
1245, 305
189, 297
863, 295
118, 293
352, 293
969, 291
1, 285
947, 285
282, 284
47, 278
71, 278
781, 278
637, 277
573, 275
56, 272
484, 272
134, 269
925, 263
779, 260
1244, 259
346, 258
199, 256
1327, 255
1194, 253
460, 252
761, 250
1011, 249
1255, 249
1328, 247
314, 239
49, 238
444, 237
960, 235
1321, 232
327, 231
45, 230
360, 229
1177, 229
936, 228
786, 227
792, 224
442, 223
601, 221
904, 218
310, 216
1179, 215
184, 213
462, 213
485, 213
723, 213
978, 206
95, 205
265, 205
436, 205
571, 205
946, 204
1246, 204
953, 202
302, 200
612, 200
527, 193
780, 191
802, 188
1227, 187
800, 184
861, 182
801, 180
922, 178
428, 177
591, 176
553, 175
33, 173
765, 172
388, 171
477, 170
1282, 170
926, 168
642, 165
981, 165
229, 163
768, 163
1331, 163
311, 162
543, 162
909, 162
60, 159
535, 159
448, 158
1260, 157
1267, 156
791, 155
933, 153
700, 152
866, 151
456, 150
1103, 150
653, 149
1298, 147
705, 144
385, 143
89, 141
494, 141
938, 140
1171, 138
522, 137
98, 136
432, 136
195, 135
306, 135
631, 134
749, 134
167, 133
668, 130
963, 127
989, 127
207, 126
774, 126
1013, 126
578, 125
126, 124
1028, 124
1080, 123
1092, 123
1104, 123
445, 121
859, 118
402, 117
225, 116
1031, 116
163, 114
452, 112
390, 111
1081, 111
216, 110
493, 110
285, 109
1203, 109
73, 108
842, 108
996, 107
1139, 107
1173, 107
1286, 107
318, 106
1137, 106
562, 105
50, 102
450, 102
766, 102
1120, 102
1050, 101
441, 100
469, 100
500, 100
604, 100
14, 99
271, 99
1005, 99
692, 98
1241, 98
154, 97
1213, 97
332, 96
440, 96
864, 96
1108, 95
103, 94
322, 94
474, 94
810, 94
983, 94
1170, 94
1174, 94
83, 93
309, 93
363, 93
717, 93
120, 92
356, 92
64, 90
166, 90
860, 90
965, 90
150, 89
458, 89
1157, 89
876, 88
1238, 88
1045, 87
1279, 87
634, 85
738, 85
148, 84
479, 84
993, 84
1249, 84
9, 83
178, 83
1200, 83
468, 82
1016, 82
836, 81
1064, 81
1274, 81
1214, 80
744, 79
1133, 79
438, 78
954, 78
1156, 78
106, 77
203, 77
559, 77
879, 77
1034, 77
1097, 77
334, 76
341, 76
515, 76
213, 75
799, 75
43, 74
119, 74
187, 74
1093, 74
15, 73
208, 72
655, 72
1007, 72
1089, 72
1124, 72
227, 71
133, 70
209, 70
270, 70
567, 70
1215, 69
176, 68
670, 68
1018, 68
1330, 68
870, 67
871, 67
27, 66
152, 66
168, 66
210, 66
467, 66
614, 66
733, 66
809, 66
26, 65
222, 65
293, 65
308, 65
396, 65
958, 65
1145, 65
789, 64
582, 63
611, 63
1208, 63
353, 62
537, 62
509, 61
798, 61
840, 61
927, 61
1316, 61
32, 60
556, 60
868, 60
895, 59
1268, 59
410, 58
607, 58
715, 58
754, 58
908, 58
988, 58
1117, 58
312, 57
395, 57
403, 57
726, 57
773, 57
778, 57
950, 57
1042, 57
1112, 57
1132, 57
1307, 57
48, 56
169, 56
251, 56
686, 56
970, 56
1317, 56
854, 55
259, 54
834, 54
1095, 54
1149, 54
1270, 54
407, 53
1023, 53
1074, 53
300, 52
629, 52
650, 52
652, 52
654, 52
806, 51
1243, 51
123, 50
255, 50
97, 49
324, 49
240, 48
790, 48
1075, 48
102, 47
137, 47
693, 47
702, 47
183, 46
232, 46
480, 46
491, 46
498, 46
632, 46
1140, 46
1277, 46
238, 45
288, 45
453, 45
1039, 45
268, 44
539, 44
625, 44
1012, 44
13, 43
39, 43
340, 42
471, 42
542, 42
1090, 42
476, 41
680, 41
44, 40
386, 40
545, 40
931, 40
1161, 40
1292, 40
1343, 40
1057, 39
544, 38
985, 38
0, 37
419, 37
590, 37
628, 37
992, 37
1105, 37
1251, 37
294, 36
304, 36
736, 36
913, 36
512, 35
518, 35
815, 35
1009, 35
337, 34
1172, 34
1319, 34
19, 33
519, 33
575, 33
627, 33
811, 33
883, 33
891, 33
957, 33
961, 33
1032, 33
1141, 33
1293, 33
1315, 33
21, 32
28, 32
72, 32
345, 32
369, 32
818, 32
830, 32
1129, 32
174, 31
558, 31
667, 31
796, 31
930, 31
974, 31
990, 31
1212, 31
348, 30
716, 30
769, 30
129, 29
197, 29
283, 29
677, 29
986, 29
1003, 29
1322, 29
146, 28
521, 28
587, 28
714, 28
886, 28
940, 28
975, 28
77, 27
244, 27
666, 27
1063, 27
1160, 27
1236, 27
1284, 27
572, 26
691, 26
696, 26
740, 26
896, 26
914, 26
924, 26
1062, 26
1159, 26
1320, 26
1323, 26
335, 25
433, 25
594, 25
756, 25
916, 25
982, 25
1253, 25
247, 24
482, 24
540, 24
884, 24
901, 24
1085, 24
1146, 24
1280, 24
681, 23
760, 23
776, 23
900, 23
995, 23
1119, 23
156, 22
412, 22
1037, 22
81, 21
116, 21
162, 21
171, 21
202, 21
212, 21
245, 21
287, 21
422, 21
463, 21
549, 21
598, 21
671, 21
694, 21
719, 21
911, 21
1107, 21
1198, 21
18, 20
91, 20
100, 20
231, 20
317, 20
351, 20
393, 20
398, 20
741, 20
746, 20
817, 20
839, 20
849, 20
917, 20
934, 20
1136, 20
107, 19
127, 19
226, 19
250, 19
286, 19
357, 19
606, 19
675, 19
679, 19
690, 19
1335, 19
131, 18
249, 18
371, 18
455, 18
486, 18
645, 18
659, 18
673, 18
905, 18
1015, 18
157, 17
194, 17
217, 17
292, 17
331, 17
361, 17
417, 17
451, 17
481, 17
698, 17
862, 17
888, 17
1002, 17
17, 16
87, 16
372, 16
529, 16
546, 16
550, 16
710, 16
966, 16
1026, 16
1113, 16
1181, 16
1187, 16
1222, 16
1294, 16
1342, 16
25, 15
29, 15
68, 15
219, 15
365, 15
408, 15
443, 15
605, 15
649, 15
784, 15
831, 15
912, 15
920, 15
1038, 15
1072, 15
1196, 15
1225, 15
1308, 15
1311, 15
1325, 15
139, 14
155, 14
196, 14
258, 14
513, 14
523, 14
532, 14
580, 14
708, 14
823, 14
841, 14
867, 14
915, 14
929, 14
987, 14
1035, 14
1100, 14
1150, 14
1223, 14
24, 13
122, 13
138, 13
252, 13
257, 13
272, 13
328, 13
366, 13
375, 13
379, 13
380, 13
392, 13
414, 13
490, 13
505, 13
525, 13
657, 13
827, 13
967, 13
994, 13
1049, 13
1056, 13
2, 12
61, 12
151, 12
191, 12
405, 12
409, 12
534, 12
636, 12
718, 12
753, 12
819, 12
848, 12
949, 12
1019, 12
1022, 12
1041, 12
1078, 12
1154, 12
1185, 12
1297, 12
1304, 12
1338, 12
38, 11
51, 11
108, 11
153, 11
339, 11
439, 11
507, 11
547, 11
639, 11
663, 11
672, 11
674, 11
729, 11
775, 11
885, 11
894, 11
972, 11
1059, 11
1084, 11
1125, 11
1193, 11
10, 10
92, 10
96, 10
175, 10
185, 10
206, 10
214, 10
284, 10
483, 10
526, 10
586, 10
638, 10
651, 10
724, 10
742, 10
770, 10
903, 10
942, 10
984, 10
1099, 10
1165, 10
1176, 10
1190, 10
1191, 10
1232, 10
1283, 10
1288, 10
1301, 10
1309, 10
1329, 10
79, 9
84, 9
115, 9
173, 9
179, 9
289, 9
297, 9
313, 9
364, 9
367, 9
506, 9
533, 9
615, 9
703, 9
847, 9
899, 9
918, 9
962, 9
1027, 9
1061, 9
1069, 9
1082, 9
1101, 9
1242, 9
1248, 9
99, 8
218, 8
489, 8
503, 8
564, 8
566, 8
570, 8
574, 8
644, 8
795, 8
897, 8
1040, 8
1047, 8
1065, 8
1067, 8
1094, 8
1102, 8
1127, 8
1135, 8
1184, 8
1204, 8
1210, 8
1228, 8
1300, 8
1306, 8
1313, 8
16, 7
34, 7
105, 7
128, 7
158, 7
235, 7
303, 7
342, 7
420, 7
478, 7
596, 7
613, 7
626, 7
658, 7
689, 7
759, 7
764, 7
797, 7
919, 7
945, 7
951, 7
1024, 7
1116, 7
1237, 7
1252, 7
1332, 7
11, 6
20, 6
36, 6
41, 6
57, 6
63, 6
109, 6
221, 6
253, 6
260, 6
267, 6
320, 6
323, 6
347, 6
378, 6
397, 6
418, 6
504, 6
557, 6
633, 6
656, 6
706, 6
720, 6
750, 6
783, 6
821, 6
835, 6
850, 6
943, 6
1029, 6
1046, 6
1106, 6
1109, 6
1134, 6
1175, 6
1195, 6
1318, 6
23, 5
46, 5
110, 5
186, 5
223, 5
256, 5
264, 5
276, 5
278, 5
291, 5
315, 5
358, 5
400, 5
401, 5
430, 5
538, 5
563, 5
568, 5
640, 5
647, 5
728, 5
730, 5
757, 5
822, 5
828, 5
921, 5
928, 5
952, 5
955, 5
980, 5
999, 5
1030, 5
1151, 5
1182, 5
1186, 5
1199, 5
1256, 5
1299, 5
1326, 5
7, 4
70, 4
88, 4
172, 4
215, 4
236, 4
350, 4
362, 4
370, 4
374, 4
415, 4
447, 4
473, 4
517, 4
593, 4
599, 4
621, 4
646, 4
660, 4
669, 4
713, 4
735, 4
737, 4
755, 4
763, 4
777, 4
782, 4
785, 4
804, 4
808, 4
843, 4
873, 4
906, 4
932, 4
937, 4
959, 4
997, 4
1048, 4
1073, 4
1130, 4
1143, 4
1155, 4
1216, 4
1220, 4
1235, 4
1264, 4
1266, 4
1276, 4
1312, 4
1344, 4
40, 3
94, 3
111, 3
124, 3
181, 3
201, 3
234, 3
237, 3
262, 3
263, 3
281, 3
299, 3
321, 3
377, 3
383, 3
389, 3
404, 3
411, 3
424, 3
465, 3
497, 3
502, 3
510, 3
524, 3
551, 3
552, 3
554, 3
581, 3
585, 3
616, 3
620, 3
641, 3
661, 3
678, 3
682, 3
683, 3
701, 3
707, 3
709, 3
732, 3
743, 3
747, 3
752, 3
758, 3
813, 3
816, 3
825, 3
837, 3
846, 3
851, 3
855, 3
857, 3
939, 3
1017, 3
1025, 3
1054, 3
1066, 3
1070, 3
1071, 3
1091, 3
1153, 3
1162, 3
1166, 3
1178, 3
1192, 3
1211, 3
1219, 3
1224, 3
1254, 3
1258, 3
1314, 3
1337, 3
4, 2
31, 2
67, 2
69, 2
112, 2
113, 2
114, 2
130, 2
132, 2
135, 2
159, 2
161, 2
170, 2
220, 2
275, 2
338, 2
344, 2
391, 2
434, 2
437, 2
454, 2
457, 2
499, 2
555, 2
560, 2
561, 2
569, 2
592, 2
603, 2
608, 2
609, 2
617, 2
618, 2
630, 2
704, 2
731, 2
807, 2
820, 2
944, 2
956, 2
979, 2
1000, 2
1010, 2
1036, 2
1068, 2
1076, 2
1148, 2
1197, 2
1231, 2
1233, 2
1234, 2
1239, 2
1261, 2
1262, 2
1271, 2
1281, 2
1285, 2
1287, 2
1289, 2
1290, 2
1295, 2
1303, 2
1336, 2
22, 1
66, 1
75, 1
90, 1
101, 1
117, 1
121, 1
125, 1
141, 1
142, 1
165, 1
182, 1
198, 1
211, 1
224, 1
228, 1
230, 1
243, 1
266, 1
274, 1
290, 1
295, 1
301, 1
307, 1
359, 1
423, 1
426, 1
427, 1
446, 1
466, 1
492, 1
501, 1
584, 1
602, 1
610, 1
643, 1
685, 1
687, 1
695, 1
711, 1
762, 1
767, 1
824, 1
869, 1
874, 1
878, 1
881, 1
893, 1
907, 1
977, 1
998, 1
1020, 1
1021, 1
1060, 1
1083, 1
1110, 1
1115, 1
1121, 1
1126, 1
1131, 1
1152, 1
1163, 1
1167, 1
1189, 1
1205, 1
1221, 1
1229, 1
1230, 1
1247, 1
1272, 1
1333, 1
6, 0
55, 0
80, 0
82, 0
140, 0
145, 0
147, 0
149, 0
164, 0
177, 0
205, 0
239, 0
273, 0
279, 0
305, 0
325, 0
343, 0
373, 0
399, 0
406, 0
413, 0
431, 0
435, 0
449, 0
464, 0
487, 0
496, 0
528, 0
531, 0
541, 0
576, 0
623, 0
662, 0
664, 0
676, 0
688, 0
697, 0
722, 0
739, 0
771, 0
772, 0
787, 0
794, 0
812, 0
829, 0
833, 0
852, 0
865, 0
882, 0
889, 0
941, 0
964, 0
1006, 0
1033, 0
1043, 0
1051, 0
1055, 0
1077, 0
1086, 0
1087, 0
1098, 0
1114, 0
1118, 0
1169, 0
1183, 0
1188, 0
1202, 0
1206, 0
1209, 0
1217, 0
1240, 0
1250, 0
1265, 0
1269, 0
1302, 0
1305, 0
1310, 0
1324, 0
1341, 0
